0.248770 0.590287 0.291598 0.221756 0.221756 0.221756 0.221756 0.221756 0.221756 0.221756 0.221756 0.221756 0.221756 0.221756
0.516342 0.795603 0.976306 0.228775 0.221756 0.221756 0.221756 0.221756 0.221756 0.221756 0.221756 0.221756 0.221756 0.221756
0.151752 0.000000 1.000000 0.238203 0.221756 0.221756 0.221756 0.221756 0.221756 0.221756 0.221756 0.221756 0.221756 0.221756
0.221756 0.218832 0.495013 0.241252 0.221756 0.221756 0.221756 0.221756 0.221756 0.221756 0.221756 0.221756 0.221756 0.221756
0.221756 0.221756 0.221756 0.221756 0.221756 0.221756 0.221756 0.221756 0.221756 0.221756 0.221756 0.221756 0.221756 0.221756
0.221756 0.221756 0.221756 0.221756 0.221756 0.221756 0.221756 0.221756 0.221756 0.221756 0.221756 0.221756 0.221756 0.221756
0.221756 0.221756 0.221756 0.221756 0.221756 0.221756 0.221756 0.221756 0.221756 0.221756 0.221756 0.221756 0.221756 0.221756
0.221756 0.221756 0.221756 0.221756 0.221756 0.221756 0.221756 0.221756 0.221756 0.221756 0.267809 0.334701 0.227020 0.221756
0.221756 0.221756 0.221756 0.221756 0.221756 0.341673 0.565113 0.276155 0.221756 0.221756 0.364781 0.616314 0.340877 0.221756
0.221756 0.221756 0.221756 0.221756 0.221756 0.294408 0.821085 0.392210 0.221756 0.221756 0.156524 0.663125 0.557594 0.230530
0.221756 0.221756 0.221756 0.221756 0.221756 0.090555 0.449452 0.425294 0.221756 0.221756 0.203897 0.262679 0.313382 0.232192
0.221756 0.221756 0.221756 0.221756 0.221756 0.203079 0.349531 0.221756 0.221756 0.221756 0.221756 0.221756 0.221756 0.221756
0.221756 0.221756 0.221756 0.221756 0.221756 0.221756 0.225931 0.221756 0.221756 0.221756 0.221756 0.221756 0.221756 0.221756
0.221756 0.221756 0.221756 0.221756 0.221756 0.221756 0.221756 0.221756 0.221756 0.221756 0.221756 0.221756 0.221756 0.221756
